5
10 
6 4
15 17 19 
20 22 23 
5 7 8 
43 45 1 
25 26 28 
1 2 3 
38 40 42 
32 34 36 
10 12 14 
29 30 31 
10 
10 5
4 6 8 
10 11 12 
23 24 25 
18 19 21 
39 15 42 
13 15 1 
31 32 34 
35 36 37 
27 29 30 
1 2 3 
10 
5 10
21 23 24 
11 12 14 
39 41 43 
5 7 9 
1 3 4 
25 27 28 
35 36 38 
16 18 19 
30 32 33 
44 45 1 
10 
6 5
27 29 30 
23 24 25 
36 37 39 
14 15 4 
15 43 45 
1 2 4 
32 33 34 
18 20 22 
11 12 13 
6 7 9 
10 
8 6
20 22 24 
10 11 13 
38 40 42 
30 32 33 
6 7 8 
43 19 46 
4 17 19 
1 3 4 
34 35 36 
26 27 28 